[gd_scene load_steps=5 format=3 uid="uid://bfccd15p6tjgd"]

[ext_resource type="Script" uid="uid://dikywy5epjug" path="res://Assets/Scripts/game_manager.gd" id="1_fsbqx"]
[ext_resource type="PackedScene" uid="uid://b3s6175jgt7l3" path="res://Assets/Scenes/Models/table.tscn" id="2_cbhea"]
[ext_resource type="Script" uid="uid://08r5e7e1ob0s" path="res://Assets/Scripts/player_hand.gd" id="2_tanm1"]
[ext_resource type="Script" uid="uid://cxwohrgn1225u" path="res://Assets/Scripts/dealer_hand.gd" id="3_tanm1"]

[node name="Main_Menu" type="Node3D"]

[node name="GameManager" type="Node" parent="."]
script = ExtResource("1_fsbqx")

[node name="Deck" type="Node" parent="GameManager"]

[node name="PlayerHand" type="Node3D" parent="GameManager"]
transform = Transform3D(1, 0, 0, 0, 1, 0, 0, 0, 1, -0.0334803, 0.02, 0.1694)
script = ExtResource("2_tanm1")

[node name="DealerHand" type="Node3D" parent="GameManager"]
transform = Transform3D(1, 0, 0, 0, 1, 0, 0, 0, 1, 0, 0.02, 0.0483672)
script = ExtResource("3_tanm1")

[node name="Table" parent="." instance=ExtResource("2_cbhea")]
transform = Transform3D(1, 0, 0, 0, 1, 0, 0, 0, 1, 0.0129557, 0, 0.0831299)

[node name="Camera3D" type="Camera3D" parent="."]
transform = Transform3D(1, 0, 0, 0, 0.823869, 0.56678, 0, -0.56678, 0.823869, 0, 0.137897, 0.262648)
fov = 60.781

[node name="SpotLight3D" type="SpotLight3D" parent="."]
transform = Transform3D(1, 0, 0, 0, -0.0401318, 0.999194, 0, -0.999194, -0.0401318, -0.19412, 0.329555, 0.0206395)
spot_range = 0.480889
spot_angle = 57.4221

[node name="SpotLight3D2" type="SpotLight3D" parent="."]
transform = Transform3D(1, 0, 0, 0, -0.0401318, 0.999194, 0, -0.999194, -0.0401318, 0.137131, 0.329555, 0.0206395)
spot_range = 0.480889
spot_angle = 52.5292

[node name="Button" type="Button" parent="."]
anchors_preset = -1
anchor_left = 0.003
anchor_top = 0.006
anchor_right = 0.003
anchor_bottom = 0.006
offset_left = -3.456
offset_top = -3.888
offset_right = 89.544
offset_bottom = 81.112

[connection signal="pressed" from="Button" to="GameManager" method="_on_button_pressed"]
