[gd_scene load_steps=5 format=3 uid="uid://bfccd15p6tjgd"]

[ext_resource type="PackedScene" uid="uid://b3s6175jgt7l3" path="res://Assets/Scenes/table.tscn" id="1_06t4h"]
[ext_resource type="Script" uid="uid://dq3va2tq4mpq8" path="res://Assets/Scripts/card_gen.gd" id="2_7vrkn"]

[sub_resource type="StandardMaterial3D" id="StandardMaterial3D_06t4h"]

[sub_resource type="PlaneMesh" id="PlaneMesh_7vrkn"]

[node name="Main_Menu" type="Node3D"]

[node name="Table" parent="." instance=ExtResource("1_06t4h")]

[node name="Camera3D" type="Camera3D" parent="."]
transform = Transform3D(1, 0, 0, 0, 0.869124, 0.494594, 0, -0.494594, 0.869124, 0, 0.119378, 0.262648)
fov = 60.781

[node name="SpotLight3D" type="SpotLight3D" parent="."]
transform = Transform3D(1, 0, 0, 0, -0.0401318, 0.999194, 0, -0.999194, -0.0401318, -0.19412, 0.329555, 0.0206395)
spot_range = 0.480889
spot_angle = 57.4221

[node name="SpotLight3D2" type="SpotLight3D" parent="."]
transform = Transform3D(1, 0, 0, 0, -0.0401318, 0.999194, 0, -0.999194, -0.0401318, 0.137131, 0.329555, 0.0206395)
spot_range = 0.480889
spot_angle = 52.5292

[node name="Deck" type="Node" parent="."]
script = ExtResource("2_7vrkn")

[node name="MeshInstance3D" type="MeshInstance3D" parent="Deck"]
transform = Transform3D(0.0128832, 0, 0, 0, 1, 0, 0, 0, 0.0233832, 0.00759919, -0.092942, 0.0903273)
material_override = SubResource("StandardMaterial3D_06t4h")
mesh = SubResource("PlaneMesh_7vrkn")
skeleton = NodePath("../..")

[node name="MeshInstance3D2" type="MeshInstance3D" parent="Deck"]
transform = Transform3D(0.0128832, 0, 0, 0, 1, 0, 0, 0, 0.0233832, 0.0580766, -0.092942, 0.0903273)
material_override = SubResource("StandardMaterial3D_06t4h")
mesh = SubResource("PlaneMesh_7vrkn")
skeleton = NodePath("../..")

[node name="MeshInstance3D3" type="MeshInstance3D" parent="Deck"]
transform = Transform3D(0.0128832, 0, 0, 0, 1, 0, 0, 0, 0.0233832, -0.070405, -0.092942, 0.0903273)
material_override = SubResource("StandardMaterial3D_06t4h")
mesh = SubResource("PlaneMesh_7vrkn")
skeleton = NodePath("../..")

[node name="MeshInstance3D4" type="MeshInstance3D" parent="Deck"]
transform = Transform3D(0.0128832, 0, 0, 0, 1, 0, 0, 0, 0.0233832, 0.0163246, -0.092942, 0.0903273)
material_override = SubResource("StandardMaterial3D_06t4h")
mesh = SubResource("PlaneMesh_7vrkn")
skeleton = NodePath("../..")

[node name="Button" type="Button" parent="."]
anchors_preset = -1
anchor_left = 0.003
anchor_top = 0.006
anchor_right = 0.003
anchor_bottom = 0.006
offset_left = -3.456
offset_top = -3.888
offset_right = 89.544
offset_bottom = 81.112

[node name="PlayerHand" type="Node3D" parent="."]
transform = Transform3D(1, 0, 0, 0, 1, 0, 0, 0, 1, -0.0308408, 0.0102985, 0.11769)

[connection signal="pressed" from="Button" to="Deck" method="_on_button_pressed"]
