[gd_scene load_steps=4 format=3 uid="uid://bfccd15p6tjgd"]

[ext_resource type="PackedScene" uid="uid://b3s6175jgt7l3" path="res://Assets/Scenes/table.tscn" id="1_06t4h"]
[ext_resource type="Script" uid="uid://dikywy5epjug" path="res://Assets/Scripts/game_manager.gd" id="2_fu7sn"]
[ext_resource type="PackedScene" uid="uid://cvd256o6b6qqr" path="res://Assets/Scenes/Cards/clubs_02.tscn" id="3_fu7sn"]

[node name="Main_Menu" type="Node3D"]

[node name="GameManager" type="Node" parent="."]
script = ExtResource("2_fu7sn")

[node name="Deck" type="Node" parent="GameManager"]

[node name="Clubs02" parent="GameManager/Deck" instance=ExtResource("3_fu7sn")]
transform = Transform3D(1, 0, 0, 0, -4.37114e-08, 1, 0, -1, -4.37114e-08, 0.13359, 0.0235557, -0.201121)

[node name="Clubs03" parent="GameManager/Deck" instance=ExtResource("3_fu7sn")]
transform = Transform3D(1, 0, 0, 0, -4.37114e-08, 1, 0, -1, -4.37114e-08, 0.0170376, 0.0336075, -0.201121)

[node name="Clubs04" parent="GameManager/Deck" instance=ExtResource("3_fu7sn")]
transform = Transform3D(1, 0, 0, 0, -4.37114e-08, 1, 0, -1, -4.37114e-08, -0.0149411, 0.0331147, -0.199849)

[node name="PlayerHand" type="Node3D" parent="GameManager"]
transform = Transform3D(6.22, 0, 0, 0, 0.5, 0, 0, 0, 6.22, 0.000689883, 0.0202508, 0.168088)

[node name="DealerHand" type="Node3D" parent="GameManager"]

[node name="Table" parent="." instance=ExtResource("1_06t4h")]

[node name="Camera3D" type="Camera3D" parent="."]
transform = Transform3D(1, 0, 0, 0, 0.823869, 0.56678, 0, -0.56678, 0.823869, 0, 0.137897, 0.262648)
fov = 60.781

[node name="SpotLight3D" type="SpotLight3D" parent="."]
transform = Transform3D(1, 0, 0, 0, -0.0401318, 0.999194, 0, -0.999194, -0.0401318, -0.19412, 0.329555, 0.0206395)
spot_range = 0.480889
spot_angle = 57.4221

[node name="SpotLight3D2" type="SpotLight3D" parent="."]
transform = Transform3D(1, 0, 0, 0, -0.0401318, 0.999194, 0, -0.999194, -0.0401318, 0.137131, 0.329555, 0.0206395)
spot_range = 0.480889
spot_angle = 52.5292

[node name="Button" type="Button" parent="."]
anchors_preset = -1
anchor_left = 0.003
anchor_top = 0.006
anchor_right = 0.003
anchor_bottom = 0.006
offset_left = -3.456
offset_top = -3.888
offset_right = 89.544
offset_bottom = 81.112

[connection signal="pressed" from="Button" to="GameManager" method="_on_button_pressed"]
